1D 256 -511,500000 511,500000	[nbin xmin xmax]
"X"	"Function_0"
-509,501953	0,000000
-505,505859	0,000000
-501,509766	0,000000
-497,513672	0,000000
-493,517578	0,000000
-489,521484	0,000000
-485,525391	0,000000
-481,529297	0,000000
-477,533203	0,000000
-473,537109	0,000000
-469,541016	0,000000
-465,544922	0,000000
-461,548828	0,000000
-457,552734	0,000000
-453,556641	0,000000
-449,560547	0,000000
-445,564453	0,000000
-441,568359	0,000000
-437,572266	0,000000
-433,576172	0,000000
-429,580078	0,000000
-425,583984	0,000000
-421,587891	0,000000
-417,591797	0,000000
-413,595703	0,000000
-409,599609	0,000000
-405,603516	0,000000
-401,607422	0,000000
-397,611328	0,000000
-393,615234	0,000000
-389,619141	0,000000
-385,623047	0,000000
-381,626953	0,000000
-377,630859	0,000000
-373,634766	0,000000
-369,638672	0,000000
-365,642578	0,000000
-361,646484	0,000000
-357,650391	0,000000
-353,654297	0,000000
-349,658203	0,000000
-345,662109	0,000000
-341,666016	0,000000
-337,669922	0,000000
-333,673828	0,000000
-329,677734	0,000000
-325,681641	0,000000
-321,685547	0,000000
-317,689453	0,000000
-313,693359	0,000000
-309,697266	0,000000
-305,701172	0,000000
-301,705078	0,000000
-297,708984	0,000000
-293,712891	0,000000
-289,716797	0,000000
-285,720703	0,000000
-281,724609	0,000000
-277,728516	0,000000
-273,732422	0,000000
-269,736328	0,000000
-265,740234	0,000000
-261,744141	0,000000
-257,748047	0,000000
-253,751953	0,000000
-249,755859	0,000000
-245,759766	0,000000
-241,763672	0,000000
-237,767578	0,000000
-233,771484	0,000000
-229,775391	0,000000
-225,779297	0,000000
-221,783203	0,000000
-217,787109	0,000000
-213,791016	0,000000
-209,794922	0,000000
-205,798828	0,000000
-201,802734	0,000000
-197,806641	0,000000
-193,810547	0,000000
-189,814453	0,000000
-185,818359	0,000000
-181,822266	0,000000
-177,826172	0,000000
-173,830078	0,000000
-169,833984	0,000000
-165,837891	0,000000
-161,841797	0,000000
-157,845703	0,000000
-153,849609	0,000000
-149,853516	0,000000
-145,857422	0,000000
-141,861328	0,000000
-137,865234	0,000000
-133,869141	0,000000
-129,873047	0,000000
-125,876953	0,000000
-121,880859	0,000000
-117,884766	0,000000
-113,888672	0,000000
-109,892578	0,000000
-105,896484	0,000000
-101,900391	0,000000
-97,904297	0,000000
-93,908203	0,000000
-89,912109	0,000000
-85,916016	0,000000
-81,919922	0,000000
-77,923828	0,000000
-73,927734	0,000000
-69,931641	0,000000
-65,935547	0,000000
-61,939453	0,000000
-57,943359	0,000000
-53,947266	0,000000
-49,951172	0,000000
-45,955078	0,000000
-41,958984	0,000000
-37,962891	0,000000
-33,966797	0,000000
-29,970703	0,000000
-25,974609	0,000000
-21,978516	0,000000
-17,982422	0,000000
-13,986328	0,000000
-9,990234	0,000000
-5,994141	0,000000
-1,998047	0,000000
1,998047	0,000000
5,994141	1,000000
9,990234	0,000000
13,986328	0,000000
17,982422	24,000000
21,978516	288,000000
25,974609	313,000000
29,970703	313,000000
33,966797	323,000000
37,962891	343,000000
41,958984	350,000000
45,955078	359,000000
49,951172	355,000000
53,947266	401,000000
57,943359	416,000000
61,939453	473,000000
65,935547	478,000000
69,931641	548,000000
73,927734	571,000000
77,923828	639,000000
81,919922	752,000000
85,916016	716,000000
89,912109	855,000000
93,908203	940,000000
97,904297	1066,000000
101,900391	1225,000000
105,896484	1384,000000
109,892578	1569,000000
113,888672	1746,000000
117,884766	1829,000000
121,880859	1925,000000
125,876953	1931,000000
129,873047	1907,000000
133,869141	1847,000000
137,865234	1781,000000
141,861328	1668,000000
145,857422	1479,000000
149,853516	1384,000000
153,849609	1306,000000
157,845703	1140,000000
161,841797	970,000000
165,837891	867,000000
169,833984	767,000000
173,830078	686,000000
177,826172	568,000000
181,822266	507,000000
185,818359	496,000000
189,814453	435,000000
193,810547	386,000000
197,806641	349,000000
201,802734	300,000000
205,798828	302,000000
209,794922	253,000000
213,791016	223,000000
217,787109	206,000000
221,783203	171,000000
225,779297	175,000000
229,775391	159,000000
233,771484	143,000000
237,767578	141,000000
241,763672	124,000000
245,759766	110,000000
249,755859	88,000000
253,751953	132,000000
257,748047	99,000000
261,744141	96,000000
265,740234	92,000000
269,736328	77,000000
273,732422	69,000000
277,728516	69,000000
281,724609	70,000000
285,720703	75,000000
289,716797	64,000000
293,712891	61,000000
297,708984	51,000000
301,705078	62,000000
305,701172	56,000000
309,697266	50,000000
313,693359	46,000000
317,689453	52,000000
321,685547	38,000000
325,681641	42,000000
329,677734	33,000000
333,673828	30,000000
337,669922	35,000000
341,666016	37,000000
345,662109	38,000000
349,658203	29,000000
353,654297	37,000000
357,650391	30,000000
361,646484	31,000000
365,642578	20,000000
369,638672	20,000000
373,634766	30,000000
377,630859	30,000000
381,626953	25,000000
385,623047	17,000000
389,619141	20,000000
393,615234	22,000000
397,611328	20,000000
401,607422	23,000000
405,603516	18,000000
409,599609	20,000000
413,595703	13,000000
417,591797	14,000000
421,587891	12,000000
425,583984	16,000000
429,580078	8,000000
433,576172	16,000000
437,572266	14,000000
441,568359	13,000000
445,564453	4,000000
449,560547	8,000000
453,556641	3,000000
457,552734	10,000000
461,548828	9,000000
465,544922	10,000000
469,541016	2,000000
473,537109	7,000000
477,533203	8,000000
481,529297	8,000000
485,525391	12,000000
489,521484	4,000000
493,517578	3,000000
497,513672	6,000000
501,509766	8,000000
505,505859	5,000000
509,501953	8,000000
