1D 256 -511,500000 511,500000	[nbin xmin xmax]
"X"	"Function_0"
-509,501953	0,000000
-505,505859	0,000000
-501,509766	0,000000
-497,513672	0,000000
-493,517578	0,000000
-489,521484	0,000000
-485,525391	0,000000
-481,529297	0,000000
-477,533203	0,000000
-473,537109	0,000000
-469,541016	0,000000
-465,544922	0,000000
-461,548828	0,000000
-457,552734	0,000000
-453,556641	0,000000
-449,560547	0,000000
-445,564453	0,000000
-441,568359	0,000000
-437,572266	0,000000
-433,576172	0,000000
-429,580078	0,000000
-425,583984	0,000000
-421,587891	0,000000
-417,591797	0,000000
-413,595703	0,000000
-409,599609	0,000000
-405,603516	0,000000
-401,607422	0,000000
-397,611328	0,000000
-393,615234	0,000000
-389,619141	0,000000
-385,623047	0,000000
-381,626953	0,000000
-377,630859	0,000000
-373,634766	0,000000
-369,638672	0,000000
-365,642578	0,000000
-361,646484	0,000000
-357,650391	0,000000
-353,654297	0,000000
-349,658203	0,000000
-345,662109	0,000000
-341,666016	0,000000
-337,669922	0,000000
-333,673828	0,000000
-329,677734	0,000000
-325,681641	0,000000
-321,685547	0,000000
-317,689453	0,000000
-313,693359	0,000000
-309,697266	0,000000
-305,701172	0,000000
-301,705078	0,000000
-297,708984	0,000000
-293,712891	0,000000
-289,716797	0,000000
-285,720703	0,000000
-281,724609	0,000000
-277,728516	0,000000
-273,732422	0,000000
-269,736328	0,000000
-265,740234	0,000000
-261,744141	0,000000
-257,748047	0,000000
-253,751953	0,000000
-249,755859	0,000000
-245,759766	0,000000
-241,763672	0,000000
-237,767578	0,000000
-233,771484	0,000000
-229,775391	0,000000
-225,779297	0,000000
-221,783203	0,000000
-217,787109	0,000000
-213,791016	0,000000
-209,794922	0,000000
-205,798828	0,000000
-201,802734	0,000000
-197,806641	0,000000
-193,810547	0,000000
-189,814453	0,000000
-185,818359	0,000000
-181,822266	0,000000
-177,826172	0,000000
-173,830078	0,000000
-169,833984	0,000000
-165,837891	0,000000
-161,841797	0,000000
-157,845703	0,000000
-153,849609	0,000000
-149,853516	0,000000
-145,857422	0,000000
-141,861328	0,000000
-137,865234	0,000000
-133,869141	0,000000
-129,873047	0,000000
-125,876953	0,000000
-121,880859	0,000000
-117,884766	0,000000
-113,888672	0,000000
-109,892578	0,000000
-105,896484	0,000000
-101,900391	0,000000
-97,904297	0,000000
-93,908203	0,000000
-89,912109	0,000000
-85,916016	0,000000
-81,919922	0,000000
-77,923828	0,000000
-73,927734	0,000000
-69,931641	0,000000
-65,935547	0,000000
-61,939453	0,000000
-57,943359	0,000000
-53,947266	0,000000
-49,951172	0,000000
-45,955078	0,000000
-41,958984	0,000000
-37,962891	0,000000
-33,966797	0,000000
-29,970703	0,000000
-25,974609	0,000000
-21,978516	0,000000
-17,982422	0,000000
-13,986328	0,000000
-9,990234	0,000000
-5,994141	0,000000
-1,998047	0,000000
1,998047	0,000000
5,994141	0,000000
9,990234	2,000000
13,986328	0,000000
17,982422	33,000000
21,978516	329,000000
25,974609	402,000000
29,970703	354,000000
33,966797	394,000000
37,962891	382,000000
41,958984	467,000000
45,955078	452,000000
49,951172	471,000000
53,947266	525,000000
57,943359	550,000000
61,939453	623,000000
65,935547	667,000000
69,931641	737,000000
73,927734	881,000000
77,923828	950,000000
81,919922	1094,000000
85,916016	1229,000000
89,912109	1471,000000
93,908203	1669,000000
97,904297	1785,000000
101,900391	2082,000000
105,896484	2097,000000
109,892578	2104,000000
113,888672	2223,000000
117,884766	2128,000000
121,880859	1941,000000
125,876953	1788,000000
129,873047	1678,000000
133,869141	1416,000000
137,865234	1264,000000
141,861328	1092,000000
145,857422	984,000000
149,853516	829,000000
153,849609	729,000000
157,845703	660,000000
161,841797	601,000000
165,837891	487,000000
169,833984	421,000000
173,830078	397,000000
177,826172	365,000000
181,822266	312,000000
185,818359	274,000000
189,814453	248,000000
193,810547	218,000000
197,806641	203,000000
201,802734	181,000000
205,798828	154,000000
209,794922	142,000000
213,791016	135,000000
217,787109	135,000000
221,783203	126,000000
225,779297	126,000000
229,775391	106,000000
233,771484	102,000000
237,767578	96,000000
241,763672	79,000000
245,759766	74,000000
249,755859	87,000000
253,751953	56,000000
257,748047	69,000000
261,744141	45,000000
265,740234	56,000000
269,736328	61,000000
273,732422	51,000000
277,728516	42,000000
281,724609	39,000000
285,720703	49,000000
289,716797	49,000000
293,712891	60,000000
297,708984	36,000000
301,705078	32,000000
305,701172	37,000000
309,697266	38,000000
313,693359	25,000000
317,689453	24,000000
321,685547	33,000000
325,681641	29,000000
329,677734	24,000000
333,673828	25,000000
337,669922	23,000000
341,666016	19,000000
345,662109	16,000000
349,658203	18,000000
353,654297	23,000000
357,650391	15,000000
361,646484	22,000000
365,642578	17,000000
369,638672	17,000000
373,634766	12,000000
377,630859	15,000000
381,626953	20,000000
385,623047	13,000000
389,619141	10,000000
393,615234	7,000000
397,611328	10,000000
401,607422	7,000000
405,603516	12,000000
409,599609	9,000000
413,595703	12,000000
417,591797	10,000000
421,587891	3,000000
425,583984	6,000000
429,580078	8,000000
433,576172	11,000000
437,572266	6,000000
441,568359	9,000000
445,564453	2,000000
449,560547	5,000000
453,556641	11,000000
457,552734	11,000000
461,548828	5,000000
465,544922	4,000000
469,541016	8,000000
473,537109	8,000000
477,533203	8,000000
481,529297	6,000000
485,525391	4,000000
489,521484	3,000000
493,517578	3,000000
497,513672	6,000000
501,509766	4,000000
505,505859	4,000000
509,501953	2,000000
