1D 50 0,000000 100,000000	[nbin xmin xmax]
"X"	"Function_0"
1,000000	149,819746
3,000000	151,173981
5,000000	153,210255
7,000000	150,983944
9,000000	155,522322
11,000000	142,583082
13,000000	151,956881
15,000000	150,302352
17,000000	157,327562
19,000000	148,426170
21,000000	154,840354
23,000000	162,349039
25,000000	158,422966
27,000000	152,019812
29,000000	160,049769
31,000000	156,818668
33,000000	159,705847
35,000000	154,417776
37,000000	159,916838
39,000000	160,147830
41,000000	165,295876
43,000000	167,274592
45,000000	160,415148
47,000000	157,395119
49,000000	162,507777
51,000000	166,546520
53,000000	160,521496
55,000000	161,347591
57,000000	157,495876
59,000000	158,575332
61,000000	160,036075
63,000000	154,856647
65,000000	157,668688
67,000000	162,622316
69,000000	152,396132
71,000000	156,811204
73,000000	151,707720
75,000000	144,071540
77,000000	149,067507
79,000000	142,882092
81,000000	149,244191
83,000000	140,461899
85,000000	136,424131
87,000000	137,363733
89,000000	137,165734
91,000000	134,508150
93,000000	127,663847
95,000000	128,026140
97,000000	132,232486
99,000000	120,452462
