1D 50 0,000000 100,000000	[nbin xmin xmax]
"X"	"Function_0"
1,000000	112,802775
3,000000	157,692243
5,000000	154,795291
7,000000	161,441088
9,000000	159,636177
11,000000	159,971380
13,000000	162,017254
15,000000	163,675222
17,000000	155,283324
19,000000	161,568420
21,000000	155,027743
23,000000	160,068758
25,000000	160,092444
27,000000	159,005083
29,000000	162,734067
31,000000	159,472225
33,000000	162,464536
35,000000	159,780036
37,000000	158,609417
39,000000	159,982168
41,000000	157,589872
43,000000	152,142651
45,000000	156,709196
47,000000	155,665737
49,000000	149,054078
51,000000	148,908617
53,000000	143,277961
55,000000	146,259399
57,000000	141,118427
59,000000	140,061341
61,000000	144,049937
63,000000	136,167381
65,000000	134,483446
67,000000	140,638023
69,000000	123,574006
71,000000	131,311660
73,000000	124,130810
75,000000	121,199155
77,000000	123,008994
79,000000	113,995539
81,000000	118,707981
83,000000	111,495911
85,000000	111,561953
87,000000	104,620268
89,000000	104,859181
91,000000	106,163419
93,000000	99,616934
95,000000	97,509923
97,000000	99,455041
99,000000	91,454338
