1D 128 0,000000 128,000000	[nbin xmin xmax]
"X"	"Function_0"
0,500000	11,832259
1,500000	10,135969
2,500000	10,629654
3,500000	10,663104
4,500000	10,233091
5,500000	11,459422
6,500000	10,793103
7,500000	10,777985
8,500000	10,526205
9,500000	10,534970
10,500000	10,335038
11,500000	10,439147
12,500000	10,228298
13,500000	10,262665
14,500000	10,035657
15,500000	10,749091
16,500000	9,504052
17,500000	10,714391
18,500000	10,624575
19,500000	10,839983
20,500000	11,359416
21,500000	10,009459
22,500000	10,035923
23,500000	10,144076
24,500000	10,064996
25,500000	10,465281
26,500000	10,333653
27,500000	10,667485
28,500000	10,266359
29,500000	10,691917
30,500000	9,405133
31,500000	10,342496
32,500000	10,060605
33,500000	10,307543
34,500000	10,452970
35,500000	11,064408
36,500000	9,745583
37,500000	10,064993
38,500000	11,079050
39,500000	9,920544
40,500000	11,031378
41,500000	10,533521
42,500000	8,990456
43,500000	10,381146
44,500000	10,750786
45,500000	10,227395
46,500000	10,237215
47,500000	9,825203
48,500000	10,561414
49,500000	9,949684
50,500000	10,223355
51,500000	10,480583
52,500000	10,711559
53,500000	9,701044
54,500000	9,993032
55,500000	11,437703
56,500000	10,316199
57,500000	10,486822
58,500000	9,975210
59,500000	10,668461
60,500000	10,453554
61,500000	10,389544
62,500000	10,350869
63,500000	9,869407
64,500000	10,009191
65,500000	10,551509
66,500000	10,964264
67,500000	10,545473
68,500000	10,282090
69,500000	10,796924
70,500000	11,334936
71,500000	10,448228
72,500000	9,746359
73,500000	10,725448
74,500000	10,771334
75,500000	10,716100
76,500000	10,467548
77,500000	9,844893
78,500000	10,197369
79,500000	10,136484
80,500000	10,065897
81,500000	10,050633
82,500000	9,921429
83,500000	10,070948
84,500000	10,587082
85,500000	10,100620
86,500000	10,568933
87,500000	10,504670
88,500000	10,518471
89,500000	10,707161
90,500000	11,189295
91,500000	10,148478
92,500000	9,668904
93,500000	10,641150
94,500000	10,702015
95,500000	10,617324
96,500000	9,952050
97,500000	10,287511
98,500000	10,253207
99,500000	11,078415
100,500000	10,766916
101,500000	10,644734
102,500000	9,681266
103,500000	10,798447
104,500000	10,686796
105,500000	9,768467
106,500000	11,516367
107,500000	10,305746
108,500000	9,389577
109,500000	10,723148
110,500000	11,287032
111,500000	10,417618
112,500000	10,818027
113,500000	11,063695
114,500000	11,397484
115,500000	10,623696
116,500000	10,792015
117,500000	10,916553
118,500000	10,081268
119,500000	10,789471
120,500000	10,323140
121,500000	10,396818
122,500000	9,653697
123,500000	10,155328
124,500000	10,603308
125,500000	10,402486
126,500000	10,497337
127,500000	11,073767
