1D 128 0,000000 128,000000	[nbin xmin xmax]
"X"	"Function_0"
0,500000	5,536537
1,500000	5,200063
2,500000	5,046767
3,500000	5,122483
4,500000	5,089203
5,500000	5,312633
6,500000	5,026495
7,500000	4,512101
8,500000	5,459830
9,500000	5,256563
10,500000	4,396911
11,500000	4,662260
12,500000	4,946837
13,500000	4,505051
14,500000	4,733449
15,500000	4,974627
16,500000	4,697132
17,500000	4,698863
18,500000	4,977612
19,500000	4,687902
20,500000	4,806505
21,500000	4,690585
22,500000	4,751925
23,500000	4,793265
24,500000	4,724238
25,500000	4,607639
26,500000	4,758652
27,500000	4,931097
28,500000	5,221417
29,500000	4,869543
30,500000	4,898464
31,500000	4,499372
32,500000	4,513105
33,500000	4,533577
34,500000	4,543917
35,500000	4,645986
36,500000	4,571004
37,500000	4,821139
38,500000	4,490486
39,500000	4,889658
40,500000	4,961029
41,500000	4,734919
42,500000	4,838609
43,500000	4,398731
44,500000	4,670377
45,500000	4,404458
46,500000	5,187146
47,500000	4,556430
48,500000	4,900454
49,500000	4,785240
50,500000	4,948261
51,500000	4,541930
52,500000	5,247359
53,500000	4,473940
54,500000	5,031857
55,500000	4,724903
56,500000	4,714930
57,500000	4,456828
58,500000	4,928475
59,500000	4,808372
60,500000	4,924446
61,500000	4,695129
62,500000	5,040607
63,500000	4,785499
64,500000	4,968380
65,500000	4,474451
66,500000	4,638148
67,500000	4,827982
68,500000	4,617577
69,500000	4,854554
70,500000	4,865734
71,500000	5,066359
72,500000	4,817292
73,500000	4,832057
74,500000	4,870272
75,500000	4,626732
76,500000	4,410631
77,500000	4,719915
78,500000	4,560905
79,500000	4,373482
80,500000	4,462086
81,500000	5,065898
82,500000	5,012485
83,500000	4,603944
84,500000	4,539727
85,500000	4,357370
86,500000	4,848724
87,500000	4,705113
88,500000	4,680914
89,500000	4,727821
90,500000	4,634080
91,500000	4,626742
92,500000	4,430663
93,500000	4,935000
94,500000	4,264282
95,500000	4,787229
96,500000	5,065943
97,500000	4,516955
98,500000	4,897136
99,500000	4,734071
100,500000	4,655442
101,500000	5,247656
102,500000	4,454231
103,500000	4,994902
104,500000	4,753083
105,500000	5,177616
106,500000	4,877596
107,500000	4,895231
108,500000	4,715757
109,500000	4,659819
110,500000	4,836310
111,500000	4,638998
112,500000	4,522126
113,500000	4,673675
114,500000	4,844642
115,500000	5,108848
116,500000	4,957016
117,500000	4,144024
118,500000	4,969416
119,500000	4,943271
120,500000	5,256480
121,500000	5,141294
122,500000	4,951434
123,500000	4,814495
124,500000	5,213711
125,500000	5,026884
126,500000	4,609540
127,500000	5,481913
