1D 128 0,000000 128,000000	[nbin xmin xmax]
"X"	"Function_0"
0,500000	5,237377
1,500000	4,197373
2,500000	4,062949
3,500000	4,010627
4,500000	4,204329
5,500000	4,448180
6,500000	4,126194
7,500000	4,034516
8,500000	3,951938
9,500000	4,532896
10,500000	3,795460
11,500000	4,226460
12,500000	3,616132
13,500000	4,245587
14,500000	4,037163
15,500000	3,757180
16,500000	3,931454
17,500000	3,913374
18,500000	4,113749
19,500000	3,926446
20,500000	3,952627
21,500000	3,516151
22,500000	3,652211
23,500000	4,175489
24,500000	4,199203
25,500000	3,778814
26,500000	3,917464
27,500000	4,096585
28,500000	4,149646
29,500000	3,911334
30,500000	3,730568
31,500000	3,965637
32,500000	3,788449
33,500000	3,854735
34,500000	4,152184
35,500000	3,819522
36,500000	4,033372
37,500000	3,731863
38,500000	3,700994
39,500000	3,958085
40,500000	4,047999
41,500000	4,143360
42,500000	3,512930
43,500000	4,025074
44,500000	4,406767
45,500000	3,875980
46,500000	4,239531
47,500000	3,858536
48,500000	3,800465
49,500000	4,084080
50,500000	3,746756
51,500000	4,048330
52,500000	3,904888
53,500000	3,938580
54,500000	3,973365
55,500000	4,231880
56,500000	4,042276
57,500000	3,920552
58,500000	3,454991
59,500000	4,070556
60,500000	3,855238
61,500000	3,926550
62,500000	3,897915
63,500000	4,134931
64,500000	4,046093
65,500000	3,983117
66,500000	3,928546
67,500000	3,706739
68,500000	3,858841
69,500000	3,827311
70,500000	4,545556
71,500000	4,113480
72,500000	3,930797
73,500000	3,743223
74,500000	3,868774
75,500000	4,126361
76,500000	3,836438
77,500000	3,975979
78,500000	3,766507
79,500000	4,091302
80,500000	4,008208
81,500000	4,105640
82,500000	4,040554
83,500000	4,220908
84,500000	3,784296
85,500000	4,348177
86,500000	4,594484
87,500000	3,873504
88,500000	3,890528
89,500000	4,192879
90,500000	3,853883
91,500000	3,763414
92,500000	3,703831
93,500000	3,730765
94,500000	3,861291
95,500000	4,043060
96,500000	3,643577
97,500000	4,158194
98,500000	4,039454
99,500000	3,849073
100,500000	3,780387
101,500000	3,854812
102,500000	3,759573
103,500000	4,139349
104,500000	4,134327
105,500000	4,010366
106,500000	4,118944
107,500000	3,689433
108,500000	4,036924
109,500000	3,743898
110,500000	4,041731
111,500000	4,036520
112,500000	3,879083
113,500000	4,071978
114,500000	3,995806
115,500000	4,142941
116,500000	4,231339
117,500000	4,004245
118,500000	3,810921
119,500000	3,957694
120,500000	4,051081
121,500000	4,094282
122,500000	4,321639
123,500000	4,535834
124,500000	4,099629
125,500000	4,106376
126,500000	3,989930
127,500000	4,632310
