1D 128 0,000000 128,000000	[nbin xmin xmax]
"X"	"Function_0"
0,500000	5,332020
1,500000	4,728506
2,500000	4,619240
3,500000	4,708155
4,500000	4,636904
5,500000	4,196202
6,500000	5,014602
7,500000	4,374776
8,500000	4,703585
9,500000	4,881490
10,500000	4,462961
11,500000	4,297349
12,500000	4,696538
13,500000	4,517624
14,500000	4,258677
15,500000	4,512555
16,500000	4,639195
17,500000	4,311913
18,500000	4,285313
19,500000	4,412327
20,500000	4,580163
21,500000	4,377176
22,500000	4,367232
23,500000	4,344386
24,500000	4,260913
25,500000	4,198302
26,500000	4,573799
27,500000	4,234876
28,500000	4,396518
29,500000	4,432160
30,500000	4,379105
31,500000	3,991539
32,500000	4,335926
33,500000	4,327803
34,500000	4,412747
35,500000	4,207877
36,500000	4,386721
37,500000	4,104107
38,500000	4,087079
39,500000	4,102249
40,500000	4,512282
41,500000	4,108016
42,500000	4,101452
43,500000	4,148926
44,500000	4,180448
45,500000	4,131817
46,500000	3,993393
47,500000	4,326532
48,500000	4,431879
49,500000	4,256264
50,500000	4,377968
51,500000	4,371205
52,500000	4,130946
53,500000	4,474680
54,500000	4,289117
55,500000	3,978626
56,500000	4,096324
57,500000	4,230052
58,500000	4,154171
59,500000	4,233901
60,500000	4,132628
61,500000	4,387041
62,500000	4,262484
63,500000	4,318248
64,500000	4,359793
65,500000	4,446789
66,500000	4,357727
67,500000	4,343180
68,500000	4,244947
69,500000	4,315794
70,500000	4,646350
71,500000	3,997167
72,500000	4,111860
73,500000	4,702933
74,500000	4,540746
75,500000	4,447454
76,500000	4,181294
77,500000	4,651741
78,500000	4,479746
79,500000	4,526816
80,500000	4,521085
81,500000	4,439797
82,500000	4,154805
83,500000	4,428071
84,500000	4,314053
85,500000	4,245872
86,500000	4,096725
87,500000	4,633167
88,500000	4,343023
89,500000	4,215498
90,500000	4,215771
91,500000	4,493839
92,500000	4,299946
93,500000	4,350480
94,500000	4,342882
95,500000	4,404896
96,500000	4,681958
97,500000	4,421688
98,500000	4,267999
99,500000	4,311761
100,500000	4,412778
101,500000	4,394172
102,500000	4,372960
103,500000	4,101027
104,500000	4,474197
105,500000	4,863911
106,500000	4,052496
107,500000	4,474485
108,500000	4,505190
109,500000	4,309027
110,500000	4,295857
111,500000	4,367060
112,500000	4,623532
113,500000	4,487732
114,500000	4,184960
115,500000	4,449248
116,500000	4,410098
117,500000	3,926882
118,500000	4,612329
119,500000	4,312127
120,500000	4,480721
121,500000	4,331069
122,500000	4,459261
123,500000	4,251589
124,500000	4,702592
125,500000	4,805102
126,500000	4,379121
127,500000	4,976224
