1D 128 0,000000 128,000000	[nbin xmin xmax]
"X"	"Function_0"
0,500000	515,746714
1,500000	515,782042
2,500000	517,589193
3,500000	515,119791
4,500000	519,362173
5,500000	517,335228
6,500000	516,281874
7,500000	514,334208
8,500000	522,507525
9,500000	513,169594
10,500000	514,679017
11,500000	512,570136
12,500000	509,979673
13,500000	513,802381
14,500000	512,619907
15,500000	509,131495
16,500000	512,702768
17,500000	508,260295
18,500000	508,381201
19,500000	509,235132
20,500000	510,122852
21,500000	506,118324
22,500000	504,194249
23,500000	505,917859
24,500000	504,772301
25,500000	498,687982
26,500000	504,262451
27,500000	500,731456
28,500000	507,165269
29,500000	496,115132
30,500000	503,198744
31,500000	506,987376
32,500000	503,013000
33,500000	506,763375
34,500000	503,603175
35,500000	504,033923
36,500000	504,589396
37,500000	510,067464
38,500000	507,900066
39,500000	505,011280
40,500000	511,594496
41,500000	506,518776
42,500000	503,585324
43,500000	505,991186
44,500000	501,980686
45,500000	508,279063
46,500000	504,544213
47,500000	511,865431
48,500000	501,687461
49,500000	501,621471
50,500000	507,191728
51,500000	502,562864
52,500000	501,012162
53,500000	506,571187
54,500000	502,626567
55,500000	506,469505
56,500000	505,342720
57,500000	500,507059
58,500000	501,141671
59,500000	505,477896
60,500000	506,816066
61,500000	505,143528
62,500000	504,390596
63,500000	501,072750
64,500000	500,310762
65,500000	505,366277
66,500000	504,271388
67,500000	505,460115
68,500000	501,606729
69,500000	502,065237
70,500000	500,853390
71,500000	499,904870
72,500000	502,454614
73,500000	498,924839
74,500000	503,601111
75,500000	506,925846
76,500000	503,198377
77,500000	503,736737
78,500000	500,680308
79,500000	499,362665
80,500000	501,844517
81,500000	502,355061
82,500000	500,308709
83,500000	495,395914
84,500000	500,473399
85,500000	501,988503
86,500000	498,455094
87,500000	499,525846
88,500000	503,872461
89,500000	502,638129
90,500000	500,920478
91,500000	501,061873
92,500000	500,655505
93,500000	496,724475
94,500000	502,123961
95,500000	501,646142
96,500000	497,086327
97,500000	499,569346
98,500000	508,209779
99,500000	509,135990
100,500000	504,527761
101,500000	503,231822
102,500000	503,646561
103,500000	505,332508
104,500000	502,365711
105,500000	505,778922
106,500000	504,738704
107,500000	502,140320
108,500000	500,370187
109,500000	501,188026
110,500000	505,253391
111,500000	505,175501
112,500000	504,111172
113,500000	503,776911
114,500000	508,004537
115,500000	501,884960
116,500000	504,444372
117,500000	508,357730
118,500000	510,023843
119,500000	505,133470
120,500000	501,653432
121,500000	503,278177
122,500000	504,717829
123,500000	507,436080
124,500000	510,056737
125,500000	500,131279
126,500000	503,468197
127,500000	497,722044
