1D 128 0,000000 128,000000	[nbin xmin xmax]
"X"	"Function_0"
0,500000	524,044524
1,500000	519,733855
2,500000	519,714680
3,500000	518,133995
4,500000	523,047598
5,500000	521,438577
6,500000	520,282064
7,500000	517,626099
8,500000	524,643972
9,500000	519,306318
10,500000	518,221397
11,500000	515,955067
12,500000	514,779545
13,500000	518,911596
14,500000	516,594781
15,500000	514,974347
16,500000	516,468109
17,500000	511,142450
18,500000	513,658083
19,500000	514,899441
20,500000	514,958247
21,500000	510,086502
22,500000	508,714642
23,500000	511,142972
24,500000	508,945488
25,500000	504,925420
26,500000	508,761403
27,500000	507,485931
28,500000	512,149125
29,500000	500,867067
30,500000	509,531595
31,500000	510,999548
32,500000	509,509249
33,500000	511,803032
34,500000	507,956155
35,500000	508,406602
36,500000	511,585188
37,500000	516,539547
38,500000	513,574234
39,500000	511,367883
40,500000	516,735984
41,500000	512,575117
42,500000	506,986818
43,500000	509,935221
44,500000	506,047919
45,500000	514,050209
46,500000	510,121644
47,500000	515,247208
48,500000	508,855057
49,500000	507,478743
50,500000	513,624157
51,500000	506,956169
52,500000	508,237629
53,500000	511,790958
54,500000	507,926593
55,500000	513,780001
56,500000	511,381390
57,500000	508,182408
58,500000	508,777223
59,500000	512,925962
60,500000	514,640324
61,500000	511,823208
62,500000	509,433112
63,500000	507,998126
64,500000	505,236026
65,500000	510,714221
66,500000	510,622646
67,500000	510,585346
68,500000	507,587322
69,500000	507,679729
70,500000	508,128995
71,500000	507,263391
72,500000	507,644183
73,500000	508,157338
74,500000	508,901903
75,500000	514,883909
76,500000	509,765955
77,500000	510,859701
78,500000	505,934725
79,500000	507,145105
80,500000	507,746850
81,500000	508,759203
82,500000	505,670123
83,500000	503,496714
84,500000	506,228735
85,500000	507,617004
86,500000	506,021869
87,500000	505,807676
88,500000	509,536589
89,500000	510,361042
90,500000	507,399791
91,500000	506,750228
92,500000	507,834806
93,500000	502,960595
94,500000	507,606590
95,500000	508,664500
96,500000	502,469809
97,500000	504,788133
98,500000	513,858893
99,500000	514,876938
100,500000	509,478504
101,500000	509,083409
102,500000	510,192970
103,500000	510,278540
104,500000	508,809855
105,500000	512,002153
106,500000	509,591250
107,500000	508,229425
108,500000	506,602037
109,500000	506,672992
110,500000	509,423528
111,500000	508,610863
112,500000	511,399734
113,500000	508,290389
114,500000	510,789104
115,500000	507,236219
116,500000	507,705453
117,500000	514,063027
118,500000	513,638746
119,500000	509,785702
120,500000	505,880019
121,500000	506,966808
122,500000	509,762571
123,500000	510,347061
124,500000	514,251836
125,500000	502,316166
126,500000	506,900618
127,500000	503,554716
