1D 128 0,000000 128,000000	[nbin xmin xmax]
"X"	"Function_0"
0,500000	525,124435
1,500000	522,256487
2,500000	522,447969
3,500000	520,417725
4,500000	525,367950
5,500000	523,416189
6,500000	520,450322
7,500000	520,574421
8,500000	525,388214
9,500000	521,201885
10,500000	519,731796
11,500000	517,986166
12,500000	517,082984
13,500000	521,463290
14,500000	520,284412
15,500000	516,160927
16,500000	519,177956
17,500000	513,986259
18,500000	515,804855
19,500000	517,789730
20,500000	516,497128
21,500000	511,633515
22,500000	512,435640
23,500000	511,391918
24,500000	510,694638
25,500000	505,886025
26,500000	511,571950
27,500000	508,185870
28,500000	514,874958
29,500000	502,679518
30,500000	510,517952
31,500000	515,322603
32,500000	511,258645
33,500000	514,096451
34,500000	511,116817
35,500000	510,766036
36,500000	514,146686
37,500000	517,901455
38,500000	515,315927
39,500000	513,970162
40,500000	519,754521
41,500000	515,717780
42,500000	511,206111
43,500000	511,274491
44,500000	508,252180
45,500000	515,974877
46,500000	513,239894
47,500000	517,351609
48,500000	510,594910
49,500000	508,445893
50,500000	517,431703
51,500000	510,230511
52,500000	509,895935
53,500000	514,587608
54,500000	510,625430
55,500000	514,852943
56,500000	513,548041
57,500000	508,420900
58,500000	508,651542
59,500000	515,475057
60,500000	516,401832
61,500000	514,475470
62,500000	512,782054
63,500000	510,294223
64,500000	508,278134
65,500000	513,859231
66,500000	512,719267
67,500000	511,916596
68,500000	510,194907
69,500000	510,612411
70,500000	510,478334
71,500000	509,092000
72,500000	510,403066
73,500000	508,252136
74,500000	511,213500
75,500000	514,930611
76,500000	513,139364
77,500000	513,194380
78,500000	509,607695
79,500000	508,752261
80,500000	509,953658
81,500000	510,138487
82,500000	508,954722
83,500000	503,175970
84,500000	508,983724
85,500000	509,035918
86,500000	507,804562
87,500000	508,208827
88,500000	511,412829
89,500000	511,992833
90,500000	509,542151
91,500000	509,186961
92,500000	510,542765
93,500000	505,074783
94,500000	508,553738
95,500000	511,749460
96,500000	505,594237
97,500000	509,538834
98,500000	516,597404
99,500000	517,753706
100,500000	512,496994
101,500000	511,881477
102,500000	511,204643
103,500000	512,707048
104,500000	511,418631
105,500000	514,158628
106,500000	512,274653
107,500000	511,076228
108,500000	507,250675
109,500000	510,068534
110,500000	511,541229
111,500000	511,308676
112,500000	512,510495
113,500000	511,243957
114,500000	512,489033
115,500000	508,915365
116,500000	510,453593
117,500000	514,743584
118,500000	516,524066
119,500000	511,441046
120,500000	508,240283
121,500000	509,912807
122,500000	512,498438
123,500000	512,334731
124,500000	518,018934
125,500000	505,977934
126,500000	509,342376
127,500000	506,216531
