1D 128 0,000000 128,000000	[nbin xmin xmax]
"X"	"Function_0"
0,500000	511,255336
1,500000	509,254710
2,500000	509,424614
3,500000	506,687804
4,500000	512,472635
5,500000	510,037801
6,500000	507,869471
7,500000	507,721920
8,500000	515,154117
9,500000	503,920502
10,500000	506,942648
11,500000	503,915232
12,500000	504,148820
13,500000	509,057170
14,500000	506,123119
15,500000	499,798353
16,500000	506,402512
17,500000	504,687815
18,500000	501,761529
19,500000	503,996849
20,500000	503,270461
21,500000	497,784764
22,500000	496,186145
23,500000	500,986451
24,500000	500,451398
25,500000	493,533108
26,500000	498,517813
27,500000	494,519094
28,500000	501,231078
29,500000	491,292239
30,500000	498,346383
31,500000	500,943758
32,500000	497,865686
33,500000	501,501079
34,500000	496,953623
35,500000	497,430892
36,500000	497,174323
37,500000	504,683338
38,500000	501,870173
39,500000	498,696425
40,500000	508,107297
41,500000	502,026702
42,500000	497,644815
43,500000	497,057196
44,500000	496,177076
45,500000	503,366097
46,500000	496,558340
47,500000	505,873164
48,500000	499,568490
49,500000	495,117023
50,500000	499,228199
51,500000	497,406817
52,500000	494,412141
53,500000	504,520220
54,500000	497,497201
55,500000	501,593950
56,500000	503,248388
57,500000	495,130658
58,500000	496,538388
59,500000	504,430315
60,500000	498,977453
61,500000	501,885971
62,500000	499,284878
63,500000	496,331548
64,500000	493,536865
65,500000	499,213316
66,500000	497,818097
67,500000	499,236795
68,500000	493,481883
69,500000	495,059125
70,500000	497,174585
71,500000	494,371451
72,500000	496,331701
73,500000	491,665639
74,500000	496,144434
75,500000	503,399908
76,500000	497,913246
77,500000	499,094266
78,500000	497,972603
79,500000	497,540886
80,500000	498,889646
81,500000	496,461066
82,500000	493,979004
83,500000	494,095366
84,500000	495,299756
85,500000	492,818546
86,500000	494,956760
87,500000	499,284677
88,500000	497,739069
89,500000	496,912771
90,500000	496,840332
91,500000	496,003626
92,500000	497,232685
93,500000	492,950572
94,500000	497,963626
95,500000	495,952337
96,500000	489,566429
97,500000	491,275430
98,500000	500,399658
99,500000	504,372570
100,500000	503,111737
101,500000	500,196251
102,500000	501,802726
103,500000	500,393792
104,500000	500,775203
105,500000	502,063788
106,500000	498,450334
107,500000	499,113942
108,500000	494,626447
109,500000	496,679480
110,500000	500,811976
111,500000	499,834607
112,500000	499,929280
113,500000	497,904463
114,500000	499,254616
115,500000	497,773828
116,500000	497,940401
117,500000	503,030176
118,500000	506,838411
119,500000	500,899497
120,500000	496,903610
121,500000	495,625117
122,500000	497,139845
123,500000	501,812684
124,500000	506,350291
125,500000	492,148931
126,500000	497,445358
127,500000	495,020905
