1D 128 0,000000 128,000000	[nbin xmin xmax]
"X"	"Function_0"
0,500000	506,512689
1,500000	507,290347
2,500000	507,737476
3,500000	506,915368
4,500000	510,730918
5,500000	508,052036
6,500000	505,718670
7,500000	503,115446
8,500000	512,347691
9,500000	507,814117
10,500000	503,468279
11,500000	501,462768
12,500000	500,992681
13,500000	506,946184
14,500000	504,544694
15,500000	500,278944
16,500000	503,719932
17,500000	496,924052
18,500000	498,537198
19,500000	501,180126
20,500000	501,853923
21,500000	496,948172
22,500000	494,888090
23,500000	497,313175
24,500000	497,488973
25,500000	493,206670
26,500000	493,219623
27,500000	492,616830
28,500000	499,297804
29,500000	488,147475
30,500000	494,951079
31,500000	498,424091
32,500000	495,770607
33,500000	498,681340
34,500000	491,525583
35,500000	494,432676
36,500000	498,260187
37,500000	503,197650
38,500000	499,806216
39,500000	494,503915
40,500000	501,709491
41,500000	498,279220
42,500000	494,881216
43,500000	495,375616
44,500000	492,773437
45,500000	500,277945
46,500000	494,783908
47,500000	500,097138
48,500000	493,425208
49,500000	491,507182
50,500000	499,942869
51,500000	494,722235
52,500000	493,787836
53,500000	497,509001
54,500000	494,986485
55,500000	499,170149
56,500000	497,039773
57,500000	491,695565
58,500000	490,477550
59,500000	497,440703
60,500000	499,216871
61,500000	495,569910
62,500000	493,993839
63,500000	493,336257
64,500000	490,910093
65,500000	497,079076
66,500000	495,175701
67,500000	497,889443
68,500000	493,495270
69,500000	494,036852
70,500000	494,118755
71,500000	490,422130
72,500000	491,415612
73,500000	492,207294
74,500000	494,145598
75,500000	501,053972
76,500000	495,052199
77,500000	495,242267
78,500000	493,261635
79,500000	491,789654
80,500000	493,844523
81,500000	494,634342
82,500000	492,863814
83,500000	487,320782
84,500000	492,080660
85,500000	494,092086
86,500000	493,181303
87,500000	490,687773
88,500000	495,264317
89,500000	494,567714
90,500000	493,670315
91,500000	493,093084
92,500000	494,253217
93,500000	487,409487
94,500000	492,535502
95,500000	492,328493
96,500000	488,960195
97,500000	491,605363
98,500000	498,219007
99,500000	501,666044
100,500000	496,504803
101,500000	495,883299
102,500000	495,049783
103,500000	495,580808
104,500000	496,744481
105,500000	496,625976
106,500000	494,086707
107,500000	493,334146
108,500000	491,827319
109,500000	493,666815
110,500000	498,118512
111,500000	498,232436
112,500000	498,481431
113,500000	495,877450
114,500000	499,846363
115,500000	494,399051
116,500000	496,181893
117,500000	500,780098
118,500000	500,135449
119,500000	495,847965
120,500000	495,424653
121,500000	497,437437
122,500000	499,992442
123,500000	498,966381
124,500000	501,893954
125,500000	489,846738
126,500000	496,612911
127,500000	486,995754
