1D 128 0,000000 128,000000	[nbin xmin xmax]
"X"	"Function_0"
0,500000	7,041852
1,500000	7,468355
2,500000	7,355505
3,500000	6,908952
4,500000	7,323577
5,500000	6,916915
6,500000	7,628607
7,500000	7,254917
8,500000	7,457621
9,500000	7,236887
10,500000	7,431030
11,500000	7,110320
12,500000	6,512532
13,500000	7,047621
14,500000	6,482844
15,500000	6,869979
16,500000	7,235247
17,500000	7,119089
18,500000	7,306464
19,500000	6,774652
20,500000	6,741541
21,500000	7,028527
22,500000	6,559776
23,500000	6,781286
24,500000	7,047912
25,500000	7,214196
26,500000	6,561051
27,500000	6,256540
28,500000	6,581252
29,500000	6,935636
30,500000	6,701162
31,500000	7,071544
32,500000	6,355095
33,500000	6,976149
34,500000	6,671162
35,500000	6,664860
36,500000	7,146388
37,500000	7,523948
38,500000	6,754631
39,500000	6,646621
40,500000	6,490109
41,500000	6,621916
42,500000	7,118594
43,500000	6,662937
44,500000	6,794002
45,500000	7,645313
46,500000	7,042001
47,500000	6,645443
48,500000	6,838298
49,500000	6,701285
50,500000	6,840363
51,500000	6,644545
52,500000	6,725736
53,500000	7,090675
54,500000	6,473256
55,500000	6,393084
56,500000	7,490838
57,500000	6,726627
58,500000	6,914486
59,500000	6,994005
60,500000	6,607436
61,500000	6,563032
62,500000	7,136918
63,500000	7,167881
64,500000	7,027394
65,500000	7,309187
66,500000	7,218360
67,500000	6,402936
68,500000	6,321497
69,500000	7,154056
70,500000	7,034061
71,500000	6,154044
72,500000	7,050281
73,500000	6,833411
74,500000	6,924967
75,500000	6,416897
76,500000	6,357643
77,500000	7,004737
78,500000	7,234174
79,500000	6,907408
80,500000	6,286463
81,500000	6,950872
82,500000	6,746773
83,500000	7,048995
84,500000	6,861227
85,500000	7,012049
86,500000	6,865293
87,500000	6,904470
88,500000	7,376906
89,500000	6,871100
90,500000	7,321235
91,500000	6,855907
92,500000	7,160816
93,500000	6,765119
94,500000	6,922177
95,500000	6,772482
96,500000	6,754592
97,500000	7,077477
98,500000	7,256413
99,500000	6,749802
100,500000	6,601088
101,500000	6,428544
102,500000	7,087134
103,500000	6,613404
104,500000	6,671605
105,500000	7,139407
106,500000	6,643830
107,500000	7,340667
108,500000	6,975225
109,500000	6,933056
110,500000	6,983812
111,500000	7,327083
112,500000	6,785849
113,500000	7,259322
114,500000	6,995990
115,500000	7,052637
116,500000	6,493686
117,500000	6,966665
118,500000	6,426459
119,500000	6,580773
120,500000	6,801310
121,500000	6,841485
122,500000	6,862349
123,500000	6,783138
124,500000	6,982099
125,500000	6,441660
126,500000	6,846525
127,500000	7,338762
