1D 128 0,000000 128,000000	[nbin xmin xmax]
"X"	"Function_0"
0,500000	518,922421
1,500000	516,809385
2,500000	516,427069
3,500000	513,869405
4,500000	517,652788
5,500000	516,474048
6,500000	515,007138
7,500000	510,404106
8,500000	518,036531
9,500000	512,922183
10,500000	512,803663
11,500000	511,184644
12,500000	507,238570
13,500000	513,557907
14,500000	513,205071
15,500000	509,368482
16,500000	511,751951
17,500000	506,229317
18,500000	507,126754
19,500000	511,528850
20,500000	507,548860
21,500000	505,908856
22,500000	504,237933
23,500000	507,938306
24,500000	506,840918
25,500000	499,747209
26,500000	503,553551
27,500000	502,329689
28,500000	507,544885
29,500000	496,957546
30,500000	503,490344
31,500000	508,021007
32,500000	506,003852
33,500000	507,569359
34,500000	503,138453
35,500000	503,658862
36,500000	507,682928
37,500000	513,774948
38,500000	507,904046
39,500000	507,746437
40,500000	513,488471
41,500000	508,081662
42,500000	505,329624
43,500000	507,676680
44,500000	502,847898
45,500000	512,263456
46,500000	506,250253
47,500000	511,791263
48,500000	503,650906
49,500000	503,424384
50,500000	510,614607
51,500000	504,542298
52,500000	504,938830
53,500000	509,100466
54,500000	505,149472
55,500000	507,904477
56,500000	506,860065
57,500000	505,321637
58,500000	502,452254
59,500000	509,624262
60,500000	512,169861
61,500000	511,208934
62,500000	507,152828
63,500000	504,618838
64,500000	504,577517
65,500000	508,257055
66,500000	508,725344
67,500000	507,750007
68,500000	504,792088
69,500000	506,296485
70,500000	505,423247
71,500000	503,687123
72,500000	505,682450
73,500000	502,497989
74,500000	503,902092
75,500000	510,982928
76,500000	507,254480
77,500000	508,880534
78,500000	504,526016
79,500000	503,061930
80,500000	504,265561
81,500000	502,899005
82,500000	504,588240
83,500000	500,006143
84,500000	505,101224
85,500000	507,518479
86,500000	503,140322
87,500000	500,599181
88,500000	505,038735
89,500000	506,420700
90,500000	502,989582
91,500000	502,243443
92,500000	506,825706
93,500000	501,180483
94,500000	504,806731
95,500000	505,290014
96,500000	501,496096
97,500000	503,915296
98,500000	509,606306
99,500000	511,328129
100,500000	506,563248
101,500000	507,403858
102,500000	506,516325
103,500000	507,804377
104,500000	504,332462
105,500000	507,381753
106,500000	505,877393
107,500000	503,229821
108,500000	501,472296
109,500000	502,948031
110,500000	505,618169
111,500000	504,412265
112,500000	507,293829
113,500000	504,431073
114,500000	509,405185
115,500000	502,069375
116,500000	505,348629
117,500000	509,837592
118,500000	513,107196
119,500000	508,542900
120,500000	506,056091
121,500000	504,805656
122,500000	507,023630
123,500000	508,208195
124,500000	511,656266
125,500000	501,501261
126,500000	502,504483
127,500000	500,409275
