1D 128 0,000000 128,000000	[nbin xmin xmax]
"X"	"Function_0"
0,500000	4,873828
1,500000	4,446868
2,500000	4,543519
3,500000	4,407516
4,500000	3,926267
5,500000	4,202735
6,500000	4,465401
7,500000	4,601415
8,500000	4,716756
9,500000	4,581488
10,500000	4,150287
11,500000	4,498203
12,500000	4,215413
13,500000	4,187841
14,500000	4,383599
15,500000	4,218185
16,500000	4,290667
17,500000	4,209247
18,500000	4,416741
19,500000	4,048353
20,500000	4,423907
21,500000	4,066120
22,500000	4,099870
23,500000	4,244308
24,500000	4,183505
25,500000	4,121161
26,500000	3,814985
27,500000	3,979072
28,500000	4,255729
29,500000	3,838286
30,500000	3,972055
31,500000	4,037238
32,500000	3,935261
33,500000	4,168702
34,500000	3,866077
35,500000	3,935875
36,500000	4,402019
37,500000	4,163742
38,500000	3,764676
39,500000	4,438291
40,500000	3,706852
41,500000	3,857656
42,500000	3,848455
43,500000	4,023469
44,500000	3,855092
45,500000	4,034781
46,500000	4,036432
47,500000	3,740662
48,500000	4,153130
49,500000	3,891886
50,500000	3,991062
51,500000	4,119922
52,500000	3,859266
53,500000	4,336474
54,500000	4,377048
55,500000	4,101796
56,500000	3,952923
57,500000	4,163220
58,500000	3,921479
59,500000	4,203918
60,500000	4,025221
61,500000	4,090619
62,500000	4,268806
63,500000	4,406645
64,500000	4,280017
65,500000	4,036757
66,500000	4,144081
67,500000	4,162438
68,500000	4,024761
69,500000	4,046548
70,500000	4,281236
71,500000	3,800395
72,500000	3,884678
73,500000	4,107246
74,500000	4,270499
75,500000	3,924592
76,500000	4,003144
77,500000	4,211808
78,500000	3,994596
79,500000	4,178631
80,500000	4,060467
81,500000	4,345540
82,500000	4,485852
83,500000	3,895523
84,500000	4,125359
85,500000	4,306918
86,500000	4,115102
87,500000	3,580003
88,500000	4,110072
89,500000	4,245945
90,500000	4,573838
91,500000	4,078706
92,500000	4,337564
93,500000	4,182806
94,500000	4,043187
95,500000	4,083479
96,500000	4,013931
97,500000	3,909354
98,500000	3,841349
99,500000	3,755604
100,500000	4,277685
101,500000	3,951013
102,500000	4,248830
103,500000	3,930553
104,500000	4,015014
105,500000	4,449790
106,500000	4,405134
107,500000	4,409794
108,500000	4,270116
109,500000	4,076351
110,500000	4,303037
111,500000	4,150064
112,500000	4,696123
113,500000	4,252882
114,500000	4,228169
115,500000	3,750813
116,500000	4,088000
117,500000	3,931572
118,500000	3,997848
119,500000	4,357339
120,500000	3,854982
121,500000	4,275063
122,500000	4,294160
123,500000	4,164483
124,500000	4,266434
125,500000	4,408029
126,500000	4,199713
127,500000	4,779767
