1D 128 0,000000 128,000000	[nbin xmin xmax]
"X"	"Function_0"
0,500000	523,254411
1,500000	518,314978
2,500000	519,307839
3,500000	517,511658
4,500000	522,118361
5,500000	522,400638
6,500000	516,410857
7,500000	516,076447
8,500000	522,881972
9,500000	519,054289
10,500000	516,414544
11,500000	514,494456
12,500000	512,118440
13,500000	519,162270
14,500000	516,237720
15,500000	513,332228
16,500000	515,376522
17,500000	511,312692
18,500000	511,915808
19,500000	513,798843
20,500000	513,955266
21,500000	509,861987
22,500000	508,284870
23,500000	510,072041
24,500000	508,538697
25,500000	503,908173
26,500000	507,537498
27,500000	505,173734
28,500000	510,898009
29,500000	500,020594
30,500000	508,667007
31,500000	512,323411
32,500000	508,025883
33,500000	512,490247
34,500000	507,636042
35,500000	508,813604
36,500000	510,661428
37,500000	515,551337
38,500000	511,791824
39,500000	510,352189
40,500000	516,921081
41,500000	511,783370
42,500000	508,835924
43,500000	510,600359
44,500000	505,845256
45,500000	515,275889
46,500000	510,188505
47,500000	515,328393
48,500000	509,449588
49,500000	507,035651
50,500000	514,362749
51,500000	509,299799
52,500000	508,486156
53,500000	513,563847
54,500000	508,495244
55,500000	512,853164
56,500000	510,564856
57,500000	509,856306
58,500000	506,682859
59,500000	512,917584
60,500000	514,082627
61,500000	513,543725
62,500000	511,131931
63,500000	508,634103
64,500000	505,783897
65,500000	511,290636
66,500000	510,252718
67,500000	511,461003
68,500000	508,653845
69,500000	508,946288
70,500000	508,754313
71,500000	506,013475
72,500000	508,653990
73,500000	506,298119
74,500000	509,295253
75,500000	515,032498
76,500000	510,701687
77,500000	512,448660
78,500000	507,979984
79,500000	507,533001
80,500000	509,348916
81,500000	508,733480
82,500000	506,661551
83,500000	503,488086
84,500000	506,307247
85,500000	507,421331
86,500000	506,220961
87,500000	504,904207
88,500000	510,405675
89,500000	510,935628
90,500000	508,715626
91,500000	508,154497
92,500000	509,314066
93,500000	505,994468
94,500000	509,488450
95,500000	511,735357
96,500000	506,549428
97,500000	507,529954
98,500000	514,491339
99,500000	516,658398
100,500000	511,051719
101,500000	510,170069
102,500000	511,861060
103,500000	510,621181
104,500000	510,042535
105,500000	512,390387
106,500000	510,784592
107,500000	510,736119
108,500000	507,384709
109,500000	507,740943
110,500000	510,620204
111,500000	510,550282
112,500000	511,121843
113,500000	510,461603
114,500000	512,261378
115,500000	508,825077
116,500000	510,521915
117,500000	513,577169
118,500000	514,567181
119,500000	512,546378
120,500000	508,664663
121,500000	509,102328
122,500000	510,224883
123,500000	512,904613
124,500000	516,044604
125,500000	505,214028
126,500000	509,102608
127,500000	505,723332
