1D 32 -1536,000000 96768,000000	[nbin xmin xmax]
"X"	"Function_0"
0,000000	3,317889
3072,000000	21,539609
6144,000000	43,403516
9216,000000	63,528750
12288,000000	83,678906
15360,000000	103,931406
18432,000000	123,072422
21504,000000	142,680156
24576,000000	161,198359
27648,000000	179,601641
30720,000000	196,941250
33792,000000	215,133750
36864,000000	231,736016
39936,000000	248,247266
43008,000000	262,899844
46080,000000	278,023125
49152,000000	292,395859
52224,000000	306,297266
55296,000000	319,097734
58368,000000	331,481719
61440,000000	343,318125
64512,000000	354,722031
67584,000000	366,446719
70656,000000	376,644688
73728,000000	386,668437
76800,000000	395,108516
79872,000000	403,723672
82944,000000	411,736094
86016,000000	419,315547
89088,000000	426,170937
92160,000000	433,270625
95232,000000	439,166641
