1D 256 -511,500000 511,500000	[nbin xmin xmax]
"X"	"Function_0"
-509,501953	0,000000
-505,505859	0,000000
-501,509766	0,000000
-497,513672	0,000000
-493,517578	0,000000
-489,521484	0,000000
-485,525391	0,000000
-481,529297	0,000000
-477,533203	0,000000
-473,537109	0,000000
-469,541016	0,000000
-465,544922	0,000000
-461,548828	0,000000
-457,552734	0,000000
-453,556641	0,000000
-449,560547	0,000000
-445,564453	0,000000
-441,568359	0,000000
-437,572266	0,000000
-433,576172	0,000000
-429,580078	0,000000
-425,583984	0,000000
-421,587891	0,000000
-417,591797	0,000000
-413,595703	0,000000
-409,599609	0,000000
-405,603516	0,000000
-401,607422	0,000000
-397,611328	0,000000
-393,615234	0,000000
-389,619141	0,000000
-385,623047	0,000000
-381,626953	0,000000
-377,630859	0,000000
-373,634766	0,000000
-369,638672	0,000000
-365,642578	0,000000
-361,646484	0,000000
-357,650391	0,000000
-353,654297	0,000000
-349,658203	0,000000
-345,662109	0,000000
-341,666016	0,000000
-337,669922	0,000000
-333,673828	0,000000
-329,677734	0,000000
-325,681641	0,000000
-321,685547	0,000000
-317,689453	0,000000
-313,693359	0,000000
-309,697266	0,000000
-305,701172	0,000000
-301,705078	0,000000
-297,708984	0,000000
-293,712891	0,000000
-289,716797	0,000000
-285,720703	0,000000
-281,724609	0,000000
-277,728516	0,000000
-273,732422	0,000000
-269,736328	0,000000
-265,740234	0,000000
-261,744141	0,000000
-257,748047	0,000000
-253,751953	0,000000
-249,755859	0,000000
-245,759766	0,000000
-241,763672	0,000000
-237,767578	0,000000
-233,771484	0,000000
-229,775391	0,000000
-225,779297	0,000000
-221,783203	0,000000
-217,787109	0,000000
-213,791016	0,000000
-209,794922	0,000000
-205,798828	0,000000
-201,802734	0,000000
-197,806641	0,000000
-193,810547	0,000000
-189,814453	0,000000
-185,818359	0,000000
-181,822266	0,000000
-177,826172	0,000000
-173,830078	0,000000
-169,833984	0,000000
-165,837891	0,000000
-161,841797	0,000000
-157,845703	0,000000
-153,849609	0,000000
-149,853516	0,000000
-145,857422	0,000000
-141,861328	0,000000
-137,865234	0,000000
-133,869141	0,000000
-129,873047	0,000000
-125,876953	0,000000
-121,880859	0,000000
-117,884766	0,000000
-113,888672	0,000000
-109,892578	0,000000
-105,896484	0,000000
-101,900391	0,000000
-97,904297	0,000000
-93,908203	0,000000
-89,912109	0,000000
-85,916016	0,000000
-81,919922	0,000000
-77,923828	0,000000
-73,927734	0,000000
-69,931641	0,000000
-65,935547	0,000000
-61,939453	0,000000
-57,943359	0,000000
-53,947266	0,000000
-49,951172	0,000000
-45,955078	0,000000
-41,958984	0,000000
-37,962891	0,000000
-33,966797	0,000000
-29,970703	0,000000
-25,974609	0,000000
-21,978516	1,000000
-17,982422	0,000000
-13,986328	0,000000
-9,990234	0,000000
-5,994141	0,000000
-1,998047	0,000000
1,998047	0,000000
5,994141	0,000000
9,990234	0,000000
13,986328	0,000000
17,982422	27,000000
21,978516	211,000000
25,974609	240,000000
29,970703	319,000000
33,966797	444,000000
37,962891	549,000000
41,958984	772,000000
45,955078	947,000000
49,951172	1154,000000
53,947266	1353,000000
57,943359	1442,000000
61,939453	1673,000000
65,935547	1860,000000
69,931641	1961,000000
73,927734	2127,000000
77,923828	2240,000000
81,919922	2338,000000
85,916016	2412,000000
89,912109	2524,000000
93,908203	2447,000000
97,904297	2518,000000
101,900391	2599,000000
105,896484	2638,000000
109,892578	2576,000000
113,888672	2651,000000
117,884766	2681,000000
121,880859	2722,000000
125,876953	2779,000000
129,873047	2761,000000
133,869141	2786,000000
137,865234	2880,000000
141,861328	2713,000000
145,857422	2652,000000
149,853516	2618,000000
153,849609	2604,000000
157,845703	2367,000000
161,841797	2250,000000
165,837891	2059,000000
169,833984	1922,000000
173,830078	1710,000000
177,826172	1583,000000
181,822266	1410,000000
185,818359	1297,000000
189,814453	1156,000000
193,810547	1002,000000
197,806641	924,000000
201,802734	815,000000
205,798828	739,000000
209,794922	697,000000
213,791016	643,000000
217,787109	550,000000
221,783203	525,000000
225,779297	435,000000
229,775391	458,000000
233,771484	393,000000
237,767578	362,000000
241,763672	315,000000
245,759766	295,000000
249,755859	288,000000
253,751953	263,000000
257,748047	239,000000
261,744141	230,000000
265,740234	224,000000
269,736328	210,000000
273,732422	188,000000
277,728516	171,000000
281,724609	142,000000
285,720703	124,000000
289,716797	139,000000
293,712891	131,000000
297,708984	114,000000
301,705078	120,000000
305,701172	107,000000
309,697266	101,000000
313,693359	87,000000
317,689453	105,000000
321,685547	83,000000
325,681641	86,000000
329,677734	81,000000
333,673828	70,000000
337,669922	74,000000
341,666016	51,000000
345,662109	62,000000
349,658203	56,000000
353,654297	72,000000
357,650391	63,000000
361,646484	49,000000
365,642578	44,000000
369,638672	47,000000
373,634766	45,000000
377,630859	43,000000
381,626953	40,000000
385,623047	43,000000
389,619141	36,000000
393,615234	38,000000
397,611328	32,000000
401,607422	34,000000
405,603516	37,000000
409,599609	32,000000
413,595703	24,000000
417,591797	27,000000
421,587891	20,000000
425,583984	26,000000
429,580078	23,000000
433,576172	23,000000
437,572266	16,000000
441,568359	10,000000
445,564453	16,000000
449,560547	11,000000
453,556641	15,000000
457,552734	20,000000
461,548828	15,000000
465,544922	14,000000
469,541016	17,000000
473,537109	19,000000
477,533203	7,000000
481,529297	9,000000
485,525391	3,000000
489,521484	11,000000
493,517578	14,000000
497,513672	16,000000
501,509766	10,000000
505,505859	8,000000
509,501953	5,000000
