1D 50 0,000000 100,000000	[nbin xmin xmax]
"X"	"Function_0"
1,000000	197,539736
3,000000	145,774776
5,000000	132,828457
7,000000	138,032878
9,000000	133,122302
11,000000	136,769607
13,000000	147,049508
15,000000	138,483894
17,000000	133,157734
19,000000	144,233407
21,000000	147,635324
23,000000	146,407488
25,000000	148,460998
27,000000	147,112127
29,000000	152,804334
31,000000	151,178750
33,000000	148,873434
35,000000	149,620543
37,000000	153,225360
39,000000	154,656182
41,000000	151,562080
43,000000	155,899119
45,000000	153,501768
47,000000	146,768120
49,000000	157,696491
51,000000	157,871249
53,000000	159,345763
55,000000	158,183745
57,000000	160,323462
59,000000	158,362458
61,000000	154,128831
63,000000	157,770849
65,000000	159,777155
67,000000	158,958368
69,000000	164,533919
71,000000	165,940338
73,000000	164,176373
75,000000	158,949709
77,000000	163,399382
79,000000	164,891937
81,000000	164,382476
83,000000	160,406418
85,000000	161,600756
87,000000	160,364433
89,000000	158,774633
91,000000	161,919764
93,000000	153,249401
95,000000	155,734396
97,000000	157,786327
99,000000	149,902608
