1D 128 0,000000 128,000000	[nbin xmin xmax]
"X"	"Function_0"
0,500000	4,644633
1,500000	4,310585
2,500000	4,001465
3,500000	4,128367
4,500000	4,213915
5,500000	3,884206
6,500000	4,122827
7,500000	4,216247
8,500000	4,717356
9,500000	4,312827
10,500000	4,306831
11,500000	4,096173
12,500000	4,225731
13,500000	4,133568
14,500000	4,280725
15,500000	4,001546
16,500000	4,122110
17,500000	4,012868
18,500000	3,694457
19,500000	4,300628
20,500000	4,181849
21,500000	3,952227
22,500000	4,190589
23,500000	3,801492
24,500000	3,874332
25,500000	4,034866
26,500000	4,204785
27,500000	4,286052
28,500000	3,946398
29,500000	4,454509
30,500000	3,968483
31,500000	3,902985
32,500000	3,837797
33,500000	3,986622
34,500000	4,149343
35,500000	3,837832
36,500000	4,062071
37,500000	4,081965
38,500000	4,261555
39,500000	4,103063
40,500000	4,279630
41,500000	3,899883
42,500000	3,800114
43,500000	3,958821
44,500000	3,968368
45,500000	4,220661
46,500000	4,016122
47,500000	3,842917
48,500000	3,755110
49,500000	3,926053
50,500000	4,051021
51,500000	4,046762
52,500000	4,130394
53,500000	3,917629
54,500000	4,558817
55,500000	3,829177
56,500000	4,205666
57,500000	4,324271
58,500000	3,933187
59,500000	3,871029
60,500000	4,160693
61,500000	3,769347
62,500000	4,028388
63,500000	4,292958
64,500000	4,116178
65,500000	3,984825
66,500000	3,883868
67,500000	3,788738
68,500000	3,965990
69,500000	3,910275
70,500000	4,286072
71,500000	4,002762
72,500000	4,172431
73,500000	3,997313
74,500000	3,932258
75,500000	4,052904
76,500000	4,053418
77,500000	4,069658
78,500000	3,991992
79,500000	4,215842
80,500000	4,096418
81,500000	4,360207
82,500000	4,154801
83,500000	4,150824
84,500000	3,972646
85,500000	3,931269
86,500000	4,111429
87,500000	4,056951
88,500000	4,259379
89,500000	3,893744
90,500000	4,077026
91,500000	3,932699
92,500000	3,971712
93,500000	3,997624
94,500000	4,089558
95,500000	3,968346
96,500000	4,492978
97,500000	4,038794
98,500000	4,018266
99,500000	4,111949
100,500000	3,864889
101,500000	3,867639
102,500000	4,137475
103,500000	4,085776
104,500000	3,755855
105,500000	4,093897
106,500000	4,102487
107,500000	4,147651
108,500000	3,985848
109,500000	3,952654
110,500000	3,770835
111,500000	4,067693
112,500000	3,834122
113,500000	4,010288
114,500000	4,446973
115,500000	4,062552
116,500000	4,237978
117,500000	4,254071
118,500000	4,020478
119,500000	3,913701
120,500000	4,209632
121,500000	4,061504
122,500000	4,124622
123,500000	4,004753
124,500000	4,165796
125,500000	4,171970
126,500000	3,865741
127,500000	4,932586
