0.9428571428571428 0.039268615410695665
0.6847103513770181 0.0011509518116540577
0.4620174346201743 0.001371820239478228
0.2847457627118644 0.0017622882036378387
0.15227272727272728 0.0022989251265551985
0.06097560975609756 0.0003054442953252297
0.004 0.0004000031986135349
0.013020833333333334 0.0005208774822746582
0.004545454545454545 0.0006493573577106507
0.05967741935483871 0.0008078863844725804
0.14901960784313725 0.0009912180886984482
0.265661252900232 0.0012003322242496346
0.4045698924731183 0.0014499173667539599
0.5523520485584219 0.0017335456389648224
0.7336244541484717 0.0018053040261315195
0.8296089385474861 0.0018147026930682268
0.8500000000000001 0.0017268953646598407
