1D 256 -511,500000 511,500000	[nbin xmin xmax]
"X"	"Function_0"
-509,501953	0,000000
-505,505859	0,000000
-501,509766	0,000000
-497,513672	0,000000
-493,517578	0,000000
-489,521484	0,000000
-485,525391	0,000000
-481,529297	0,000000
-477,533203	0,000000
-473,537109	0,000000
-469,541016	0,000000
-465,544922	0,000000
-461,548828	0,000000
-457,552734	0,000000
-453,556641	0,000000
-449,560547	0,000000
-445,564453	0,000000
-441,568359	0,000000
-437,572266	0,000000
-433,576172	0,000000
-429,580078	0,000000
-425,583984	0,000000
-421,587891	0,000000
-417,591797	0,000000
-413,595703	0,000000
-409,599609	0,000000
-405,603516	0,000000
-401,607422	0,000000
-397,611328	0,000000
-393,615234	0,000000
-389,619141	0,000000
-385,623047	0,000000
-381,626953	0,000000
-377,630859	0,000000
-373,634766	0,000000
-369,638672	0,000000
-365,642578	0,000000
-361,646484	0,000000
-357,650391	0,000000
-353,654297	0,000000
-349,658203	0,000000
-345,662109	0,000000
-341,666016	0,000000
-337,669922	0,000000
-333,673828	0,000000
-329,677734	0,000000
-325,681641	0,000000
-321,685547	0,000000
-317,689453	0,000000
-313,693359	0,000000
-309,697266	0,000000
-305,701172	0,000000
-301,705078	0,000000
-297,708984	0,000000
-293,712891	0,000000
-289,716797	0,000000
-285,720703	0,000000
-281,724609	0,000000
-277,728516	0,000000
-273,732422	0,000000
-269,736328	0,000000
-265,740234	0,000000
-261,744141	0,000000
-257,748047	0,000000
-253,751953	0,000000
-249,755859	0,000000
-245,759766	0,000000
-241,763672	0,000000
-237,767578	0,000000
-233,771484	0,000000
-229,775391	0,000000
-225,779297	0,000000
-221,783203	0,000000
-217,787109	0,000000
-213,791016	0,000000
-209,794922	0,000000
-205,798828	0,000000
-201,802734	0,000000
-197,806641	0,000000
-193,810547	0,000000
-189,814453	0,000000
-185,818359	0,000000
-181,822266	0,000000
-177,826172	0,000000
-173,830078	0,000000
-169,833984	0,000000
-165,837891	0,000000
-161,841797	0,000000
-157,845703	0,000000
-153,849609	0,000000
-149,853516	0,000000
-145,857422	0,000000
-141,861328	0,000000
-137,865234	0,000000
-133,869141	0,000000
-129,873047	0,000000
-125,876953	0,000000
-121,880859	0,000000
-117,884766	0,000000
-113,888672	0,000000
-109,892578	0,000000
-105,896484	0,000000
-101,900391	0,000000
-97,904297	0,000000
-93,908203	0,000000
-89,912109	0,000000
-85,916016	0,000000
-81,919922	0,000000
-77,923828	0,000000
-73,927734	0,000000
-69,931641	0,000000
-65,935547	0,000000
-61,939453	0,000000
-57,943359	0,000000
-53,947266	0,000000
-49,951172	0,000000
-45,955078	0,000000
-41,958984	0,000000
-37,962891	0,000000
-33,966797	0,000000
-29,970703	0,000000
-25,974609	0,000000
-21,978516	0,000000
-17,982422	0,000000
-13,986328	0,000000
-9,990234	0,000000
-5,994141	0,000000
-1,998047	0,000000
1,998047	0,000000
5,994141	1,000000
9,990234	0,000000
13,986328	0,000000
17,982422	32,000000
21,978516	276,000000
25,974609	291,000000
29,970703	247,000000
33,966797	256,000000
37,962891	256,000000
41,958984	301,000000
45,955078	293,000000
49,951172	278,000000
53,947266	285,000000
57,943359	315,000000
61,939453	315,000000
65,935547	355,000000
69,931641	440,000000
73,927734	416,000000
77,923828	454,000000
81,919922	484,000000
85,916016	513,000000
89,912109	553,000000
93,908203	653,000000
97,904297	643,000000
101,900391	726,000000
105,896484	786,000000
109,892578	827,000000
113,888672	885,000000
117,884766	1020,000000
121,880859	1150,000000
125,876953	1186,000000
129,873047	1303,000000
133,869141	1450,000000
137,865234	1583,000000
141,861328	1640,000000
145,857422	1600,000000
149,853516	1635,000000
153,849609	1573,000000
157,845703	1575,000000
161,841797	1528,000000
165,837891	1414,000000
169,833984	1280,000000
173,830078	1166,000000
177,826172	1070,000000
181,822266	937,000000
185,818359	904,000000
189,814453	816,000000
193,810547	735,000000
197,806641	667,000000
201,802734	629,000000
205,798828	522,000000
209,794922	502,000000
213,791016	432,000000
217,787109	394,000000
221,783203	367,000000
225,779297	343,000000
229,775391	310,000000
233,771484	262,000000
237,767578	235,000000
241,763672	243,000000
245,759766	224,000000
249,755859	208,000000
253,751953	192,000000
257,748047	167,000000
261,744141	162,000000
265,740234	158,000000
269,736328	134,000000
273,732422	103,000000
277,728516	128,000000
281,724609	102,000000
285,720703	99,000000
289,716797	80,000000
293,712891	81,000000
297,708984	94,000000
301,705078	87,000000
305,701172	83,000000
309,697266	60,000000
313,693359	81,000000
317,689453	79,000000
321,685547	70,000000
325,681641	59,000000
329,677734	49,000000
333,673828	76,000000
337,669922	56,000000
341,666016	54,000000
345,662109	49,000000
349,658203	39,000000
353,654297	41,000000
357,650391	47,000000
361,646484	38,000000
365,642578	27,000000
369,638672	37,000000
373,634766	29,000000
377,630859	32,000000
381,626953	33,000000
385,623047	34,000000
389,619141	30,000000
393,615234	25,000000
397,611328	23,000000
401,607422	20,000000
405,603516	26,000000
409,599609	23,000000
413,595703	27,000000
417,591797	33,000000
421,587891	23,000000
425,583984	24,000000
429,580078	12,000000
433,576172	24,000000
437,572266	16,000000
441,568359	12,000000
445,564453	13,000000
449,560547	14,000000
453,556641	23,000000
457,552734	15,000000
461,548828	13,000000
465,544922	19,000000
469,541016	17,000000
473,537109	16,000000
477,533203	9,000000
481,529297	10,000000
485,525391	5,000000
489,521484	11,000000
493,517578	12,000000
497,513672	8,000000
501,509766	10,000000
505,505859	7,000000
509,501953	8,000000
