1D 256 -511,500000 511,500000	[nbin xmin xmax]
"X"	"Function_0"
-509,501953	0,000000
-505,505859	0,000000
-501,509766	0,000000
-497,513672	0,000000
-493,517578	0,000000
-489,521484	0,000000
-485,525391	0,000000
-481,529297	0,000000
-477,533203	0,000000
-473,537109	0,000000
-469,541016	0,000000
-465,544922	0,000000
-461,548828	0,000000
-457,552734	0,000000
-453,556641	0,000000
-449,560547	0,000000
-445,564453	0,000000
-441,568359	0,000000
-437,572266	0,000000
-433,576172	0,000000
-429,580078	0,000000
-425,583984	0,000000
-421,587891	0,000000
-417,591797	0,000000
-413,595703	0,000000
-409,599609	0,000000
-405,603516	0,000000
-401,607422	0,000000
-397,611328	0,000000
-393,615234	0,000000
-389,619141	0,000000
-385,623047	0,000000
-381,626953	0,000000
-377,630859	0,000000
-373,634766	0,000000
-369,638672	0,000000
-365,642578	0,000000
-361,646484	0,000000
-357,650391	0,000000
-353,654297	0,000000
-349,658203	0,000000
-345,662109	0,000000
-341,666016	0,000000
-337,669922	0,000000
-333,673828	0,000000
-329,677734	0,000000
-325,681641	0,000000
-321,685547	0,000000
-317,689453	0,000000
-313,693359	0,000000
-309,697266	0,000000
-305,701172	0,000000
-301,705078	0,000000
-297,708984	0,000000
-293,712891	0,000000
-289,716797	0,000000
-285,720703	0,000000
-281,724609	0,000000
-277,728516	0,000000
-273,732422	0,000000
-269,736328	0,000000
-265,740234	0,000000
-261,744141	0,000000
-257,748047	0,000000
-253,751953	0,000000
-249,755859	0,000000
-245,759766	0,000000
-241,763672	0,000000
-237,767578	0,000000
-233,771484	0,000000
-229,775391	0,000000
-225,779297	0,000000
-221,783203	0,000000
-217,787109	0,000000
-213,791016	0,000000
-209,794922	0,000000
-205,798828	0,000000
-201,802734	0,000000
-197,806641	0,000000
-193,810547	0,000000
-189,814453	0,000000
-185,818359	0,000000
-181,822266	0,000000
-177,826172	0,000000
-173,830078	0,000000
-169,833984	0,000000
-165,837891	0,000000
-161,841797	0,000000
-157,845703	0,000000
-153,849609	0,000000
-149,853516	0,000000
-145,857422	0,000000
-141,861328	0,000000
-137,865234	0,000000
-133,869141	0,000000
-129,873047	0,000000
-125,876953	0,000000
-121,880859	0,000000
-117,884766	0,000000
-113,888672	0,000000
-109,892578	0,000000
-105,896484	0,000000
-101,900391	0,000000
-97,904297	0,000000
-93,908203	0,000000
-89,912109	0,000000
-85,916016	0,000000
-81,919922	0,000000
-77,923828	0,000000
-73,927734	0,000000
-69,931641	0,000000
-65,935547	0,000000
-61,939453	0,000000
-57,943359	0,000000
-53,947266	0,000000
-49,951172	0,000000
-45,955078	0,000000
-41,958984	0,000000
-37,962891	0,000000
-33,966797	0,000000
-29,970703	0,000000
-25,974609	0,000000
-21,978516	0,000000
-17,982422	0,000000
-13,986328	0,000000
-9,990234	0,000000
-5,994141	0,000000
-1,998047	0,000000
1,998047	0,000000
5,994141	0,000000
9,990234	0,000000
13,986328	2,000000
17,982422	27,000000
21,978516	400,000000
25,974609	460,000000
29,970703	446,000000
33,966797	461,000000
37,962891	515,000000
41,958984	589,000000
45,955078	633,000000
49,951172	715,000000
53,947266	816,000000
57,943359	897,000000
61,939453	1020,000000
65,935547	1194,000000
69,931641	1401,000000
73,927734	1642,000000
77,923828	1838,000000
81,919922	2157,000000
85,916016	2338,000000
89,912109	2469,000000
93,908203	2591,000000
97,904297	2366,000000
101,900391	2262,000000
105,896484	2076,000000
109,892578	1869,000000
113,888672	1617,000000
117,884766	1383,000000
121,880859	1159,000000
125,876953	1070,000000
129,873047	872,000000
133,869141	733,000000
137,865234	651,000000
141,861328	569,000000
145,857422	488,000000
149,853516	429,000000
153,849609	356,000000
157,845703	297,000000
161,841797	273,000000
165,837891	265,000000
169,833984	202,000000
173,830078	213,000000
177,826172	166,000000
181,822266	158,000000
185,818359	145,000000
189,814453	130,000000
193,810547	135,000000
197,806641	103,000000
201,802734	107,000000
205,798828	103,000000
209,794922	106,000000
213,791016	98,000000
217,787109	75,000000
221,783203	71,000000
225,779297	73,000000
229,775391	59,000000
233,771484	65,000000
237,767578	52,000000
241,763672	64,000000
245,759766	44,000000
249,755859	42,000000
253,751953	44,000000
257,748047	33,000000
261,744141	33,000000
265,740234	28,000000
269,736328	39,000000
273,732422	27,000000
277,728516	33,000000
281,724609	25,000000
285,720703	41,000000
289,716797	22,000000
293,712891	27,000000
297,708984	21,000000
301,705078	18,000000
305,701172	18,000000
309,697266	32,000000
313,693359	22,000000
317,689453	17,000000
321,685547	15,000000
325,681641	17,000000
329,677734	18,000000
333,673828	12,000000
337,669922	11,000000
341,666016	17,000000
345,662109	14,000000
349,658203	18,000000
353,654297	8,000000
357,650391	14,000000
361,646484	19,000000
365,642578	15,000000
369,638672	3,000000
373,634766	10,000000
377,630859	6,000000
381,626953	14,000000
385,623047	8,000000
389,619141	7,000000
393,615234	5,000000
397,611328	5,000000
401,607422	10,000000
405,603516	9,000000
409,599609	8,000000
413,595703	4,000000
417,591797	5,000000
421,587891	4,000000
425,583984	6,000000
429,580078	6,000000
433,576172	5,000000
437,572266	3,000000
441,568359	4,000000
445,564453	7,000000
449,560547	3,000000
453,556641	1,000000
457,552734	3,000000
461,548828	1,000000
465,544922	1,000000
469,541016	5,000000
473,537109	3,000000
477,533203	0,000000
481,529297	2,000000
485,525391	2,000000
489,521484	2,000000
493,517578	2,000000
497,513672	0,000000
501,509766	6,000000
505,505859	1,000000
509,501953	2,000000
