1D 256 -511,500000 511,500000	[nbin xmin xmax]
"X"	"Function_0"
-509,501953	0,000000
-505,505859	0,000000
-501,509766	0,000000
-497,513672	0,000000
-493,517578	0,000000
-489,521484	0,000000
-485,525391	0,000000
-481,529297	0,000000
-477,533203	0,000000
-473,537109	0,000000
-469,541016	0,000000
-465,544922	0,000000
-461,548828	0,000000
-457,552734	0,000000
-453,556641	0,000000
-449,560547	0,000000
-445,564453	0,000000
-441,568359	0,000000
-437,572266	0,000000
-433,576172	0,000000
-429,580078	0,000000
-425,583984	0,000000
-421,587891	0,000000
-417,591797	0,000000
-413,595703	0,000000
-409,599609	0,000000
-405,603516	0,000000
-401,607422	0,000000
-397,611328	0,000000
-393,615234	0,000000
-389,619141	0,000000
-385,623047	0,000000
-381,626953	0,000000
-377,630859	0,000000
-373,634766	0,000000
-369,638672	0,000000
-365,642578	0,000000
-361,646484	0,000000
-357,650391	0,000000
-353,654297	0,000000
-349,658203	0,000000
-345,662109	0,000000
-341,666016	0,000000
-337,669922	0,000000
-333,673828	0,000000
-329,677734	0,000000
-325,681641	0,000000
-321,685547	0,000000
-317,689453	0,000000
-313,693359	0,000000
-309,697266	0,000000
-305,701172	0,000000
-301,705078	0,000000
-297,708984	0,000000
-293,712891	0,000000
-289,716797	0,000000
-285,720703	0,000000
-281,724609	0,000000
-277,728516	0,000000
-273,732422	0,000000
-269,736328	0,000000
-265,740234	0,000000
-261,744141	0,000000
-257,748047	0,000000
-253,751953	0,000000
-249,755859	0,000000
-245,759766	0,000000
-241,763672	0,000000
-237,767578	0,000000
-233,771484	0,000000
-229,775391	0,000000
-225,779297	0,000000
-221,783203	0,000000
-217,787109	0,000000
-213,791016	0,000000
-209,794922	0,000000
-205,798828	0,000000
-201,802734	0,000000
-197,806641	0,000000
-193,810547	0,000000
-189,814453	0,000000
-185,818359	0,000000
-181,822266	0,000000
-177,826172	0,000000
-173,830078	0,000000
-169,833984	0,000000
-165,837891	0,000000
-161,841797	0,000000
-157,845703	0,000000
-153,849609	0,000000
-149,853516	0,000000
-145,857422	0,000000
-141,861328	0,000000
-137,865234	0,000000
-133,869141	0,000000
-129,873047	0,000000
-125,876953	0,000000
-121,880859	0,000000
-117,884766	0,000000
-113,888672	0,000000
-109,892578	0,000000
-105,896484	0,000000
-101,900391	0,000000
-97,904297	0,000000
-93,908203	0,000000
-89,912109	0,000000
-85,916016	0,000000
-81,919922	0,000000
-77,923828	0,000000
-73,927734	0,000000
-69,931641	0,000000
-65,935547	0,000000
-61,939453	0,000000
-57,943359	0,000000
-53,947266	0,000000
-49,951172	0,000000
-45,955078	0,000000
-41,958984	0,000000
-37,962891	0,000000
-33,966797	0,000000
-29,970703	0,000000
-25,974609	0,000000
-21,978516	1,000000
-17,982422	0,000000
-13,986328	0,000000
-9,990234	0,000000
-5,994141	0,000000
-1,998047	0,000000
1,998047	0,000000
5,994141	0,000000
9,990234	0,000000
13,986328	0,000000
17,982422	33,000000
21,978516	263,000000
25,974609	320,000000
29,970703	287,000000
33,966797	289,000000
37,962891	301,000000
41,958984	302,000000
45,955078	314,000000
49,951172	335,000000
53,947266	333,000000
57,943359	339,000000
61,939453	345,000000
65,935547	350,000000
69,931641	382,000000
73,927734	435,000000
77,923828	469,000000
81,919922	493,000000
85,916016	544,000000
89,912109	556,000000
93,908203	608,000000
97,904297	628,000000
101,900391	767,000000
105,896484	810,000000
109,892578	908,000000
113,888672	937,000000
117,884766	1059,000000
121,880859	1158,000000
125,876953	1355,000000
129,873047	1422,000000
133,869141	1487,000000
137,865234	1594,000000
141,861328	1650,000000
145,857422	1627,000000
149,853516	1667,000000
153,849609	1586,000000
157,845703	1548,000000
161,841797	1439,000000
165,837891	1328,000000
169,833984	1192,000000
173,830078	1085,000000
177,826172	1001,000000
181,822266	913,000000
185,818359	825,000000
189,814453	764,000000
193,810547	659,000000
197,806641	595,000000
201,802734	506,000000
205,798828	471,000000
209,794922	443,000000
213,791016	419,000000
217,787109	344,000000
221,783203	341,000000
225,779297	318,000000
229,775391	288,000000
233,771484	244,000000
237,767578	249,000000
241,763672	197,000000
245,759766	203,000000
249,755859	190,000000
253,751953	186,000000
257,748047	136,000000
261,744141	150,000000
265,740234	143,000000
269,736328	133,000000
273,732422	112,000000
277,728516	125,000000
281,724609	102,000000
285,720703	101,000000
289,716797	81,000000
293,712891	90,000000
297,708984	79,000000
301,705078	74,000000
305,701172	76,000000
309,697266	70,000000
313,693359	75,000000
317,689453	53,000000
321,685547	63,000000
325,681641	72,000000
329,677734	52,000000
333,673828	45,000000
337,669922	50,000000
341,666016	43,000000
345,662109	41,000000
349,658203	51,000000
353,654297	50,000000
357,650391	40,000000
361,646484	42,000000
365,642578	39,000000
369,638672	30,000000
373,634766	39,000000
377,630859	21,000000
381,626953	36,000000
385,623047	32,000000
389,619141	28,000000
393,615234	26,000000
397,611328	29,000000
401,607422	22,000000
405,603516	16,000000
409,599609	12,000000
413,595703	23,000000
417,591797	19,000000
421,587891	22,000000
425,583984	20,000000
429,580078	20,000000
433,576172	12,000000
437,572266	28,000000
441,568359	15,000000
445,564453	17,000000
449,560547	19,000000
453,556641	14,000000
457,552734	15,000000
461,548828	14,000000
465,544922	8,000000
469,541016	8,000000
473,537109	9,000000
477,533203	6,000000
481,529297	8,000000
485,525391	5,000000
489,521484	8,000000
493,517578	8,000000
497,513672	8,000000
501,509766	10,000000
505,505859	7,000000
509,501953	10,000000
