1D 256 -511,500000 511,500000	[nbin xmin xmax]
"X"	"Function_0"
-509,501953	0,000000
-505,505859	0,000000
-501,509766	0,000000
-497,513672	0,000000
-493,517578	0,000000
-489,521484	0,000000
-485,525391	0,000000
-481,529297	0,000000
-477,533203	0,000000
-473,537109	0,000000
-469,541016	0,000000
-465,544922	0,000000
-461,548828	0,000000
-457,552734	0,000000
-453,556641	0,000000
-449,560547	0,000000
-445,564453	0,000000
-441,568359	0,000000
-437,572266	0,000000
-433,576172	0,000000
-429,580078	0,000000
-425,583984	0,000000
-421,587891	0,000000
-417,591797	0,000000
-413,595703	0,000000
-409,599609	0,000000
-405,603516	0,000000
-401,607422	0,000000
-397,611328	0,000000
-393,615234	0,000000
-389,619141	0,000000
-385,623047	0,000000
-381,626953	0,000000
-377,630859	0,000000
-373,634766	0,000000
-369,638672	0,000000
-365,642578	0,000000
-361,646484	0,000000
-357,650391	0,000000
-353,654297	0,000000
-349,658203	0,000000
-345,662109	0,000000
-341,666016	0,000000
-337,669922	0,000000
-333,673828	0,000000
-329,677734	0,000000
-325,681641	0,000000
-321,685547	0,000000
-317,689453	0,000000
-313,693359	0,000000
-309,697266	0,000000
-305,701172	0,000000
-301,705078	0,000000
-297,708984	0,000000
-293,712891	0,000000
-289,716797	0,000000
-285,720703	0,000000
-281,724609	0,000000
-277,728516	0,000000
-273,732422	0,000000
-269,736328	0,000000
-265,740234	0,000000
-261,744141	0,000000
-257,748047	0,000000
-253,751953	0,000000
-249,755859	0,000000
-245,759766	0,000000
-241,763672	0,000000
-237,767578	0,000000
-233,771484	0,000000
-229,775391	0,000000
-225,779297	0,000000
-221,783203	0,000000
-217,787109	0,000000
-213,791016	0,000000
-209,794922	0,000000
-205,798828	0,000000
-201,802734	0,000000
-197,806641	0,000000
-193,810547	0,000000
-189,814453	0,000000
-185,818359	0,000000
-181,822266	0,000000
-177,826172	0,000000
-173,830078	0,000000
-169,833984	0,000000
-165,837891	0,000000
-161,841797	0,000000
-157,845703	0,000000
-153,849609	0,000000
-149,853516	0,000000
-145,857422	0,000000
-141,861328	0,000000
-137,865234	0,000000
-133,869141	0,000000
-129,873047	0,000000
-125,876953	0,000000
-121,880859	0,000000
-117,884766	0,000000
-113,888672	0,000000
-109,892578	0,000000
-105,896484	0,000000
-101,900391	0,000000
-97,904297	0,000000
-93,908203	0,000000
-89,912109	0,000000
-85,916016	0,000000
-81,919922	0,000000
-77,923828	0,000000
-73,927734	0,000000
-69,931641	0,000000
-65,935547	0,000000
-61,939453	0,000000
-57,943359	0,000000
-53,947266	0,000000
-49,951172	0,000000
-45,955078	0,000000
-41,958984	0,000000
-37,962891	0,000000
-33,966797	0,000000
-29,970703	0,000000
-25,974609	0,000000
-21,978516	0,000000
-17,982422	0,000000
-13,986328	0,000000
-9,990234	0,000000
-5,994141	0,000000
-1,998047	0,000000
1,998047	0,000000
5,994141	0,000000
9,990234	0,000000
13,986328	1,000000
17,982422	37,000000
21,978516	292,000000
25,974609	307,000000
29,970703	271,000000
33,966797	296,000000
37,962891	290,000000
41,958984	313,000000
45,955078	317,000000
49,951172	326,000000
53,947266	340,000000
57,943359	332,000000
61,939453	327,000000
65,935547	390,000000
69,931641	464,000000
73,927734	455,000000
77,923828	516,000000
81,919922	562,000000
85,916016	639,000000
89,912109	639,000000
93,908203	748,000000
97,904297	744,000000
101,900391	887,000000
105,896484	967,000000
109,892578	1100,000000
113,888672	1222,000000
117,884766	1376,000000
121,880859	1528,000000
125,876953	1593,000000
129,873047	1651,000000
133,869141	1730,000000
137,865234	1823,000000
141,861328	1847,000000
145,857422	1781,000000
149,853516	1631,000000
153,849609	1548,000000
157,845703	1437,000000
161,841797	1358,000000
165,837891	1236,000000
169,833984	1040,000000
173,830078	944,000000
177,826172	880,000000
181,822266	760,000000
185,818359	709,000000
189,814453	539,000000
193,810547	593,000000
197,806641	539,000000
201,802734	439,000000
205,798828	446,000000
209,794922	375,000000
213,791016	326,000000
217,787109	285,000000
221,783203	293,000000
225,779297	268,000000
229,775391	229,000000
233,771484	213,000000
237,767578	225,000000
241,763672	195,000000
245,759766	157,000000
249,755859	156,000000
253,751953	163,000000
257,748047	153,000000
261,744141	125,000000
265,740234	125,000000
269,736328	96,000000
273,732422	86,000000
277,728516	104,000000
281,724609	96,000000
285,720703	79,000000
289,716797	76,000000
293,712891	69,000000
297,708984	76,000000
301,705078	61,000000
305,701172	85,000000
309,697266	60,000000
313,693359	51,000000
317,689453	45,000000
321,685547	46,000000
325,681641	48,000000
329,677734	43,000000
333,673828	48,000000
337,669922	41,000000
341,666016	51,000000
345,662109	38,000000
349,658203	25,000000
353,654297	47,000000
357,650391	52,000000
361,646484	30,000000
365,642578	31,000000
369,638672	26,000000
373,634766	21,000000
377,630859	39,000000
381,626953	24,000000
385,623047	24,000000
389,619141	32,000000
393,615234	27,000000
397,611328	27,000000
401,607422	22,000000
405,603516	16,000000
409,599609	8,000000
413,595703	14,000000
417,591797	20,000000
421,587891	10,000000
425,583984	17,000000
429,580078	13,000000
433,576172	12,000000
437,572266	11,000000
441,568359	17,000000
445,564453	15,000000
449,560547	13,000000
453,556641	12,000000
457,552734	11,000000
461,548828	13,000000
465,544922	8,000000
469,541016	8,000000
473,537109	11,000000
477,533203	11,000000
481,529297	4,000000
485,525391	17,000000
489,521484	9,000000
493,517578	8,000000
497,513672	5,000000
501,509766	5,000000
505,505859	7,000000
509,501953	8,000000
